0.86563 0.00000 0.00000 0.02273 0.03412 0.01980 0.00000 0.06452 0.00000 0.00000 0.00000 0.00000 0.05263 0.01623 0.01028 0.01316 0.00000 0.00370 0.00685 0.00962 0.07554 0.01786 0.00000 0.03125 0.02326 0.03000
0.00000 0.91176 0.00000 0.00758 0.00000 0.00000 0.00427 0.01075 0.00000 0.00000 0.02410 0.00625 0.00000 0.00000 0.00257 0.00000 0.00000 0.00370 0.00685 0.01923 0.00360 0.01786 0.00000 0.00000 0.00775 0.01000
0.00258 0.00000 0.89394 0.00758 0.02559 0.00000 0.00427 0.00000 0.00412 0.00000 0.00000 0.00313 0.00000 0.00203 0.01799 0.00000 0.00000 0.00741 0.00000 0.00481 0.00000 0.03571 0.00000 0.00000 0.00000 0.00000
0.01034 0.01471 0.00000 0.86364 0.00213 0.00000 0.01282 0.01075 0.00000 0.08000 0.01205 0.00000 0.00000 0.00203 0.00257 0.00000 0.00000 0.00000 0.01370 0.02885 0.00000 0.01786 0.00000 0.00000 0.00775 0.02000
0.02584 0.01471 0.03535 0.00758 0.84009 0.00990 0.01282 0.00000 0.00000 0.00000 0.04819 0.00625 0.00000 0.01623 0.00257 0.00000 0.02941 0.04074 0.00685 0.01442 0.00360 0.00000 0.00000 0.03125 0.01550 0.04000
0.00517 0.00000 0.00000 0.00000 0.00426 0.76238 0.00855 0.00000 0.00206 0.00000 0.01205 0.00313 0.00000 0.00203 0.00000 0.00658 0.00000 0.01111 0.00000 0.00481 0.00360 0.00000 0.02564 0.00000 0.00000 0.03000
0.00258 0.00735 0.01010 0.03788 0.00640 0.00990 0.87607 0.00000 0.00206 0.00000 0.01205 0.00313 0.00000 0.00406 0.00000 0.01974 0.08824 0.00370 0.02055 0.00000 0.00000 0.00000 0.00000 0.00000 0.00775 0.01000
0.00000 0.01471 0.00000 0.00000 0.00000 0.00000 0.00000 0.75269 0.00412 0.00000 0.01205 0.00000 0.00000 0.00203 0.00000 0.00000 0.00000 0.00370 0.00000 0.00000 0.00000 0.00000 0.00000 0.00000 0.00000 0.00000
0.00000 0.00735 0.01010 0.00000 0.00213 0.00990 0.00000 0.01075 0.94444 0.00000 0.00000 0.03125 0.00000 0.00000 0.00000 0.00000 0.00000 0.01481 0.01370 0.03365 0.00000 0.00000 0.00000 0.00000 0.00000 0.01000
0.00000 0.00000 0.00000 0.00000 0.00000 0.00000 0.00000 0.00000 0.00000 0.84000 0.00000 0.00000 0.00000 0.00000 0.00000 0.00000 0.00000 0.00000 0.00000 0.00000 0.00000 0.00000 0.00000 0.00000 0.00000 0.00000
0.00517 0.00735 0.00000 0.00758 0.00426 0.00990 0.00427 0.01075 0.00000 0.00000 0.77108 0.00000 0.00658 0.00000 0.00000 0.00000 0.02941 0.00000 0.00000 0.00481 0.00000 0.01786 0.00000 0.00000 0.00000 0.00000
0.00000 0.00000 0.00000 0.00000 0.00213 0.00000 0.00855 0.00000 0.01852 0.00000 0.00000 0.90000 0.00000 0.00000 0.00000 0.00000 0.00000 0.02222 0.00685 0.01923 0.00360 0.03571 0.00000 0.00000 0.00000 0.00000
0.00517 0.00735 0.00000 0.00000 0.00000 0.00000 0.00000 0.01075 0.00000 0.00000 0.00000 0.00000 0.86842 0.01014 0.00000 0.01316 0.00000 0.00370 0.00685 0.00481 0.00360 0.00000 0.02564 0.00000 0.00000 0.00000
0.02584 0.00735 0.00000 0.00758 0.01066 0.02970 0.00000 0.04301 0.00000 0.00000 0.01205 0.00313 0.03289 0.90669 0.00514 0.00658 0.00000 0.01111 0.00000 0.00962 0.02158 0.01786 0.00000 0.03125 0.00000 0.00000
0.01809 0.00000 0.01515 0.00000 0.01066 0.00000 0.02991 0.03226 0.00206 0.04000 0.01205 0.00000 0.01974 0.01217 0.92545 0.00658 0.00000 0.00000 0.00000 0.00000 0.04317 0.01786 0.00000 0.00000 0.01550 0.00000
0.00000 0.00000 0.00000 0.00000 0.00213 0.04950 0.00427 0.00000 0.00000 0.00000 0.00000 0.00000 0.00000 0.00406 0.00257 0.86184 0.00000 0.01481 0.00000 0.00000 0.00000 0.00000 0.00000 0.00000 0.00000 0.00000
0.00000 0.00000 0.00000 0.00000 0.00640 0.00000 0.00427 0.00000 0.00000 0.00000 0.00000 0.00000 0.00658 0.00000 0.00000 0.00658 0.73529 0.00000 0.00000 0.00000 0.00000 0.00000 0.00000 0.00000 0.00000 0.01000
0.00258 0.00000 0.03535 0.00000 0.01493 0.01980 0.00427 0.01075 0.00206 0.00000 0.06024 0.00937 0.00000 0.00406 0.00000 0.02632 0.05882 0.84444 0.00000 0.02885 0.00000 0.01786 0.02564 0.00000 0.00000 0.00000
0.00775 0.00000 0.00000 0.00758 0.00000 0.00000 0.00427 0.00000 0.00206 0.00000 0.00000 0.00000 0.00000 0.00203 0.00000 0.00658 0.00000 0.00000 0.90411 0.00962 0.00000 0.01786 0.00000 0.00000 0.00000 0.00000
0.00000 0.00000 0.00000 0.01515 0.01919 0.02970 0.00000 0.02151 0.01029 0.00000 0.01205 0.02187 0.00000 0.00406 0.00514 0.00000 0.05882 0.00370 0.00685 0.77885 0.00000 0.00000 0.00000 0.00000 0.01550 0.01000
0.02067 0.00000 0.00000 0.00000 0.00213 0.00000 0.00000 0.02151 0.00412 0.04000 0.00000 0.00625 0.00000 0.00406 0.01285 0.00000 0.00000 0.00370 0.00000 0.00481 0.83094 0.03571 0.00000 0.00000 0.00000 0.00000
0.00000 0.00000 0.00000 0.00000 0.00426 0.00000 0.01709 0.00000 0.00206 0.00000 0.00000 0.00000 0.00000 0.00000 0.00000 0.00000 0.00000 0.00370 0.00000 0.00000 0.00719 0.73214 0.00000 0.00000 0.00000 0.01000
0.00000 0.00735 0.00000 0.00000 0.00000 0.00000 0.00000 0.00000 0.00000 0.00000 0.00000 0.00000 0.00658 0.00406 0.00257 0.00000 0.00000 0.00000 0.00000 0.00000 0.00360 0.01786 0.92308 0.00000 0.00000 0.00000
0.00000 0.00000 0.00000 0.00758 0.00000 0.00000 0.00000 0.00000 0.00000 0.00000 0.00000 0.00000 0.00000 0.00000 0.00000 0.00658 0.00000 0.00370 0.00000 0.00481 0.00000 0.00000 0.00000 0.87500 0.00000 0.04000
0.00000 0.00000 0.00000 0.00758 0.00000 0.00000 0.00427 0.00000 0.00206 0.00000 0.00000 0.00000 0.00000 0.00203 0.00257 0.00000 0.00000 0.00000 0.00000 0.00000 0.00000 0.00000 0.00000 0.00000 0.89147 0.00000
0.00258 0.00000 0.00000 0.00000 0.00853 0.04950 0.00000 0.00000 0.00000 0.00000 0.01205 0.00625 0.00658 0.00203 0.00771 0.02632 0.00000 0.00000 0.00685 0.01923 0.00000 0.00000 0.00000 0.03125 0.01550 0.78000
